sample_ID,depth_m,TOC_(%),δ13Corg_VPDB
AH418,1745.00,2.19,-24.55,
AH351,1609.00,2.46,-25.25,
AH417,1731.50,1.29,-24.51,
AH350,1607.50,10.38,-23.23,
AH416,1726.50,1.89,-24.68,
AH349,1606.00,3.00,-25.18,
AH415,1720.50,2.07,-24.71,
AH348,1604.50,1.26,-25.41,
AH414,1714.50,2.58,-25.05,
AH347,1581.50,2.88,-24.78,
AH413,1712.00,3.72,-25.08,
AH346,1580.50,3.24,-24.81,
AH412,1710.50,3.66,-25.10,
AH345,1579.00,3.48,-24.78,
AH411,1709.00,3.36,-25.18,
AH344,1577.50,2.58,-24.98,
AH410,1707.50,4.26,-25.17,
AH343,1576.00,3.06,-25.06,
AH409,1706.00,3.75,-25.09,
AH342,1574.50,2.76,-25.06,
AH408,1704.50,3.69,-25.16,
AH341,1573.00,3.03,-25.04,
AH406,1698.50,3.30,-25.27,
AH340,1571.50,2.82,-25.10,
AH405,1697.00,1.68,-25.12,
AH339,1571.30,2.55,-25.28,
AH404,1695.50,3.18,-25.11,
AH338,1570.00,3.06,-25.29,
AH403,1694.00,3.06,-25.16,
AH337,1568.50,3.66,-25.38,
AH402,1692.50,2.31,-25.35,
AH336,1567.00,4.23,-25.21,
AH401,1691.00,2.64,-25.24,
AH335,1565.50,4.53,-25.21,
AH400,1689.50,2.46,-25.35,
AH334,1564.00,3.84,-25.18,
AH399,1688.00,1.32,-25.30,
AH333,1562.50,2.88,-25.54,
AH398,1686.50,1.14,-25.53,
AH332,1561.00,4.47,-25.24,
AH397,1685.00,3.15,-26.10,
AH331,1559.50,3.84,-25.46,
AH396,1683.50,2.37,-25.81,
AH330,1558.00,3.99,-25.30,
AH395,1682.00,3.75,-26.05,
AH329,1556.50,1.23,-25.25,
AH394,1680.50,3.30,-25.47,
AH328,1553.50,3.69,-25.47,
AH393,1679.00,1.50,-25.22,
AH327,1552.00,3.66,-25.44,
AH392,1677.50,1.53,-25.36,
AH326,1550.50,3.06,-25.54,
AH391,1676.00,1.35,-25.27,
AH325,1549.00,2.91,-25.45,
AH390,1674.50,1.26,-25.37,
AH324,1547.50,2.88,-25.29,
AH389,1673.00,1.14,-25.53,
AH323,1546.00,3.18,-25.35,
AH388,1671.50,0.81,-25.84,
AH322,1544.50,3.24,-25.41,
AH387,1670.00,1.11,-25.50,
AH321,1543.00,3.15,-25.44,
AH386,1668.50,1.14,-25.48,
AH320,1541.50,2.94,-25.42,
AH385,1667.00,1.86,-25.75,
AH319,1540.00,3.30,-25.45,
AH384,1665.50,1.29,-25.76,
AH318,1538.50,2.55,-25.37,
AH383,1664.00,1.32,-26.82,
AH317,1537.00,3.69,-25.49,
AH382,1659.50,1.86,-26.47,
AH316,1535.50,3.21,-25.49,
AH381,1652.50,4.77,-26.39,
AH315,1534.00,3.15,-25.65,
AH380,1651.00,7.44,-26.08,
AH314,1532.50,4.11,-25.54,
AH379,1649.50,6.18,-25.79,
AH313,1531.00,2.91,-25.27,
AH378,1648.00,5.61,-26.21,
AH312,1529.50,2.85,-25.40,
AH377,1646.50,6.21,-26.03,
AH311,1528.00,2.34,-25.35,
AH376,1645.00,4.62,-25.72,
AH310,1526.50,2.37,-25.43,
AH375,1643.50,6.72,-26.47,
AH309,1525.00,1.95,-25.22,
AH374,1642.00,5.76,-23.61,
AH308,1523.50,1.47,-25.10,
AH373,1640.50,5.22,-23.61,
AH307,1522.00,1.76,-25.06,
AH372,1639.00,4.89,-23.95,
AH306,1520.50,3.24,-25.51,
AH371,1637.50,8.28,-23.11,
AH305,1519.00,3.03,-25.22,
AH370,1636.00,6.18,-23.71,
AH304,1517.50,3.30,-25.38,
AH369,1634.50,5.34,-24.20,
AH303,1516.00,4.11,-25.18,
AH368,1633.00,2.58,-24.13,
AH302,1514.50,4.23,-25.33,
AH367,1631.50,2.55,-24.59,
AH301,1513.00,4.14,-25.43,
AH366,1630.00,4.62,-23.80,
AH300,1512.00,3.48,-25.55,
AH365,1628.50,2.37,-24.35,
AH299,1511.50,1.92,-25.41,
AH364,1627.00,2.22,-24.49,
AH298,1510.50,1.41,-25.43,
AH363,1625.50,10.26,-24.39,
AH297,1510.00,0.65,-25.18,
AH362,1624.00,8.31,-26.54,
AH296,1372.00,0.75,-24.50,
AH361,1622.50,5.40,-25.75,
AH295,1357.00,0.51,-24.69,
AH360,1621.00,5.16,-25.53,
AH294,1345.00,1.02,-24.75,
AH359,1619.50,5.64,-26.24,
AH293,1327.00,1.35,-25.31,
AH358,1618.00,4.29,-25.68,
AH292,1307.00,1.02,-24.68,
AH357,1616.50,2.07,-25.19,
AH291,1302.00,0.51,-24.93,
AH356,1615.00,2.10,-24.87,
AH290,1264.00,0.99,-25.25,
AH355,1615.00,2.07,-24.79,
AH289,1262.00,1.08,-24.97,
AH354,1613.50,2.22,-24.80,
AH288,1260.50,0.87,-25.24,
AH353,1612.00,1.59,-25.27,
AH287,1258.00,1.20,-24.89,
AH352,1610.50,2.28,-25.13,
AH286,1252.00,2.07,-25.24,
AH285,1246.00,1.71,-25.36,
AH218,722.00,5.07,-25.31,
AH284,1244.00,1.65,-25.34,
AH217,717.00,4.41,-25.47,
AH283,1241.00,2.13,-25.40,
AH216,712.00,4.47,-25.02,
AH282,1238.00,1.98,-25.37,
AH215,707.00,5.04,-25.07,
AH281,1236.50,1.62,-25.48,
AH214,702.00,5.25,-24.91,
AH280,1235.00,1.68,-25.33,
AH213,697.00,4.23,-25.11,
AH279,1233.50,1.62,-25.51,
AH212,692.00,4.26,-25.22,
AH278,1232.00,1.94,-25.41,
AH211,687.00,5.16,-24.90,
AH277,1231.00,1.59,-25.35,
AH210,682.00,4.32,-25.00,
AH276,1230.50,1.84,-25.27,
AH209,677.00,4.68,-24.61,
AH275,1228.50,2.01,-25.36,
AH208,672.00,3.42,-25.20,
AH274,1227.75,1.71,-25.28,
AH207,667.00,4.56,-25.94,
AH273,1096.00,1.89,-25.31,
AH206,662.00,3.12,-25.20,
AH272,1092.00,1.98,-25.19,
AH205,657.00,2.46,-25.19,
AH271,1087.00,2.07,-25.12,
AH204,652.00,2.31,-24.84,
AH270,1082.00,1.92,-25.26,
AH203,647.00,2.04,-23.90,
AH269,1077.00,2.37,-25.50,
AH202,642.00,2.07,-24.96,
AH268,1062.00,2.13,-25.50,
AH201,637.00,0.46,-23.85,
AH267,1057.00,2.04,-25.31,
AH200,632.00,4.38,-24.03,
AH266,1052.00,2.34,-25.70,
AH199,627.00,4.44,-24.52,
AH265,1047.00,2.25,-25.79,
AH198,622.00,6.36,-24.37,
AH264,1042.00,2.34,-25.77,
AH197,617.00,1.95,-24.23,
AH263,1037.00,2.55,-25.73,
AH196,612.00,2.13,-24.19,
AH262,1032.00,2.34,-25.56,
AH195,607.00,4.20,-24.58,
AH261,1026.00,2.91,-25.45,
AH194,602.00,3.81,-24.37,
AH260,1021.00,2.76,-25.11,
AH193,597.00,2.97,-24.46,
AH259,1017.00,2.13,-25.07,
AH192,592.00,2.37,-23.83,
AH258,1012.00,2.55,-25.31,
AH191,587.00,4.59,-24.04,
AH257,1007.00,2.79,-25.26,
AH190,582.00,4.11,-24.35,
AH256,1002.00,4.41,-25.06,
AH189,577.00,4.62,-24.27,
AH255,997.00,4.53,-25.13,
AH188,572.00,1.09,-23.94,
AH254,992.00,4.05,-25.28,
AH187,567.00,4.50,-24.20,
AH253,989.00,4.26,-25.18,
AH186,563.00,2.28,-24.43,
AH252,986.00,3.30,-25.42,
AH185,562.00,0.50,-23.65,
AH251,981.00,4.62,-25.50,
AH184,557.00,2.25,-23.49,
AH250,976.00,4.38,-25.28,
AH183,552.00,2.76,-23.51,
AH249,954.00,4.41,-24.47,
AH182,547.00,3.33,-23.55,
AH248,949.00,4.38,-24.87,
AH181,542.00,2.43,-23.83,
AH247,894.00,1.32,-24.86,
AH180,537.00,3.45,-23.98,
AH246,891.50,3.30,-24.82,
AH179,532.00,3.03,-24.15,
AH245,862.00,4.62,-24.96,
AH178,527.00,3.72,-23.91,
AH244,857.00,5.40,-24.99,
AH177,522.00,3.24,-23.85,
AH243,852.00,5.16,-24.91,
AH176,517.00,3.51,-23.80,
AH242,847.00,4.26,-25.32,
AH175,512.00,3.60,-23.95,
AH241,842.00,4.80,-25.08,
AH174,509.00,3.24,-24.01,
AH240,837.00,4.44,-25.10,
AH173,507.00,2.91,-24.03,
AH239,832.00,4.62,-25.06,
AH172,502.00,2.85,-24.08,
AH238,827.00,5.43,-25.13,
AH171,497.00,2.31,-24.15,
AH237,822.00,6.03,-25.17,
AH170,492.00,1.86,-23.87,
AH236,817.00,4.23,-25.52,
AH169,487.00,2.07,-23.85,
AH235,812.00,5.37,-25.18,
AH168,482.00,3.45,-24.10,
AH234,807.00,3.45,-25.32,
AH167,477.00,3.15,-24.15,
AH233,802.00,3.99,-25.36,
AH166,472.00,2.73,-23.87,
AH232,797.00,4.20,-25.34,
AH165,467.00,2.01,-24.10,
AH231,792.00,4.17,-25.26,
AH164,462.00,2.64,-23.84,
AH230,787.00,4.17,-25.29,
AHJC28,453.00,2.70,-23.62,
AH229,782.00,4.71,-24.98,
AHJC27,443.00,1.80,-23.64,
AH228,777.00,4.14,-25.65,
AHJC26,433.00,2.85,-23.13,
AH227,772.00,4.20,-25.55,
AHJC24,425.50,4.38,-23.10,
AH226,767.00,3.78,-25.41,
AHJC23,416.00,3.96,-23.65,
AH225,761.00,4.83,-25.56,
AH162,392.00,4.20,-23.50,
AH224,750.00,5.82,-25.37,
AH161,390.00,3.15,-23.56,
AH223,747.00,5.40,-25.20,
AH160,387.00,3.51,-23.58,
AH222,742.00,4.95,-25.25,
AH159,384.00,2.22,-23.28,
AH221,737.00,4.59,-25.45,
AH158,381.00,2.70,-22.96,
AH220,732.00,4.32,-26.21,
AH157,378.00,3.30,-23.13,
AH219,727.00,4.68,-25.43,
AH156,375.00,2.97,-22.98,
AH155,372.00,3.48,-23.30,
AH88,155.00,3.24,-24.39,
AH154,369.00,3.63,-23.24,
AH87,149.00,3.27,-24.23,
AH153,366.00,3.84,-23.14,
AH86,146.00,3.78,-24.24,
AH152,363.00,4.11,-23.14,
AH85,143.50,3.60,-23.96,
AH151,360.00,3.75,-23.19,
AH84,136.00,3.06,-24.00,
AH150,357.50,3.87,-22.71,
AH83,133.00,3.30,-24.02,
AH149,346.00,3.75,-22.84,
AH82,130.00,3.39,-23.97,
AH148,343.00,3.33,-22.85,
AH81,127.00,3.27,-23.88,
AH147,340.00,2.58,-22.99,
AH80,123.00,3.57,-23.84,
AH146,337.00,2.67,-22.82,
AH79,114.00,3.66,-24.12,
AH145,334.00,3.15,-22.86,
AH78,111.00,3.15,-24.16,
AH144,331.00,2.37,-22.83,
AH77,105.00,3.54,-23.82,
AH143,328.00,3.51,-22.80,
AH76,102.00,3.93,-23.60,
AH142,325.00,3.18,-22.86,
AH75,99.00,3.87,-23.69,
AH141,322.00,2.82,-22.99,
AH74,96.00,3.57,-23.75,
AH140,319.00,3.84,-22.90,
AH73,93.00,4.14,-23.75,
AH139,316.00,2.73,-23.19,
AH72,90.00,3.78,-23.79,
AH138,313.00,2.34,-23.41,
AH71,87.00,3.54,-23.75,
AH137,310.00,1.26,-23.73,
AH70,84.00,3.78,-23.93,
AH136,307.00,3.21,-23.80,
AH69,81.00,3.75,-23.61,
AH135,304.00,3.09,-23.92,
AH68,78.00,3.96,-23.76,
AH134,301.00,3.00,-23.90,
AH67,75.00,3.81,-23.71,
AH133,298.00,3.27,-23.84,
AH66,72.00,3.78,-23.68,
AH132,295.00,3.27,-23.93,
AH65,69.00,3.84,-23.68,
AH131,292.00,3.66,-23.21,
AH64,66.00,2.94,-24.26,
AH130,289.00,3.63,-23.25,
AH63,63.00,3.60,-23.83,
AH129,286.00,4.02,-23.35,
AH62,60.00,2.28,-24.23,
AH128,283.00,4.17,-23.13,
AH61,57.00,1.74,-23.91,
AH127,269.00,3.75,-23.21,
AH60,54.00,2.79,-24.11,
AH126,266.00,3.81,-23.36,
AH59,51.00,3.45,-23.94,
AH125,263.00,3.69,-23.84,
AH58,48.00,3.87,-23.84,
AH124,260.00,2.67,-23.64,
AH57,45.00,3.36,-23.61,
AH123,257.00,4.26,-23.60,
AH56,42.00,3.69,-23.77,
AH122,254.00,3.63,-23.56,
AH55,39.00,4.11,-23.77,
AH121,251.00,2.70,-23.46,
AH54,36.00,3.42,-23.84,
AH120,248.00,3.18,-23.34,
AH53,33.00,4.26,-23.81,
AH119,245.00,3.60,-23.33,
AH52,30.00,3.75,-23.71,
AH118,242.00,3.42,-23.56,
AH51,27.00,3.51,-23.74,
AH117,239.00,2.73,-23.18,
HA_8,24.00,3.42,-23.59,
AH116,236.00,3.39,-23.17,
HA_7,21.00,2.55,-24.29,
AH115,233.00,4.48,-23.26,
HA_6,18.00,2.73,-24.43,
AH114,230.00,3.18,-23.43,
HA_5,15.00,2.34,-23.99,
AH113,227.00,3.52,-23.42,
HA_4,12.00,3.99,-24.06,
AH112,224.00,2.03,-23.54,
HA_3,9.00,2.19,-23.50,
AH111,221.00,1.74,-23.45,
HA_2,6.00,3.60,-23.67,
AH110,218.00,3.12,-23.44,
HA_1,3.00,1.35,-23.19,
AH109,215.00,2.17,-23.48,
2011-GTA-B54,-9.75,1.83,-24.08,
AH108,212.00,3.36,-23.71,
2011-GTA-B53,-39.00,11.19,-23.49,
AH107,209.00,3.30,-23.49,
2011-GTA-B52,-58.50,0.91,-23.32,
AH106,206.00,3.54,-23.62,
2011-GTA-B51,-72.15,0.87,-22.64,
AH105,204.50,2.82,-23.93,
2011-GTA-B50,-90.35,1.89,-22.49,
AH104,203.00,2.34,-23.89,
2011-GTA-B49,-113.75,3.60,-21.88,
AH103,200.00,1.65,-24.12,
2011-GTA-B48,-124.80,3.66,-21.87,
AH102,197.00,3.33,-24.09,
2011-GTA-B47,-128.05,3.51,-21.37,
AH101,194.00,3.15,-24.18,
2011-GTA-B46,-141.05,1.95,-21.91,
AH100,191.00,3.48,-23.94,
2011-GTA-B45,-156.65,4.23,-22.15,
AH99,188.00,3.57,-23.92,
2011-GTA-B44,-164.45,2.40,-21.88,
AH98,185.00,3.06,-23.93,
2011-GTA-B43,-178.75,10.77,-22.14,
AH97,182.00,2.70,-23.91,
2011-GTA-B42,-182.00,8.67,-21.79,
AH96,179.00,3.27,-24.09,
2011-GTA-B41,-185.25,8.19,-21.88,
AH95,176.00,3.48,-24.02,
NA,-188.50,4.83,-21.89,
AH94,173.00,3.18,-24.03,
NA,-189.80,6.30,-21.86,
AH93,170.00,3.99,-24.00,
NA,-191.10,7.83,-21.57,
AH92,167.00,3.18,-24.42,
NA,-192.40,8.82,-21.91,
AH91,164.00,3.36,-24.40,
NA,-193.70,6.03,-21.47,
AH90,161.00,3.69,-24.63,
NA,-195.00,7.83,-21.91,
AH89,158.00,3.06,-24.47,
NA,-196.30,7.59,-22.26,
NA,-197.60,5.70,-22.25,
NA,-198.90,5.91,-22.81,
NA,-218.40,1.92,-25.99,
NA,-219.70,2.91,-27.33,
NA,-221.00,1.53,-27.57,
NA,-222.30,6.45,-27.52,
NA,-223.60,3.21,-27.35,
NA,-224.90,2.73,-27.52,
NA,-226.20,2.70,-27.56,
NA,-227.50,2.79,-27.69,
NA,-228.80,3.12,-27.70,
NA,-230.10,1.26,-27.24,
NA,-231.40,1.41,-27.55,
NA,-232.70,2.67,-27.26,
NA,-234.00,3.18,-27.28,
NA,-235.30,2.07,-26.52,
NA,-249.60,1.50,-25.04,
NA,-250.90,1.44,-26.46,
NA,-252.20,2.22,-26.00,
NA,-253.50,3.81,-25.81,
NA,-254.80,3.99,-25.82,
2011-GTA-B33a,-263.64,1.34,-24.80,
2011-GTA-B32,-266.50,3.45,-24.15,
2011-GTA-B31,-280.80,1.71,-23.61,
2011-GTA-B30,-288.60,4.74,-23.61,
2011-GTA-B29,-292.11,7.35,-23.79,
2011-GTA-B28,-293.15,6.93,-23.70,
2011-GTA-B27,-295.10,7.02,-23.70,
2011-GTA-B26,-297.05,7.23,-23.70,
2011-GTA-B25,-299.00,9.00,-23.71,
2011-GTA-B24,-300.95,6.36,-23.74,
2011-GTA-B23,-302.90,8.49,-23.82,
2011-GTA-B22,-324.35,1.83,-23.61,
2011-GTA-B21,-325.65,9.54,-24.07,
2011-GTA-B19,-334.75,3.84,-24.73,
2011-GTA-B20,-336.44,1.71,-23.92,
2011-GTA-B18,-345.15,5.91,-24.23,
2011-GTA-B17,-347.75,2.25,-24.02,
2011-GTA-B16,-356.85,2.07,-24.12,
2011-GTA-B15,-369.20,0.87,-23.62,
2011-GTA-B14,-370.50,1.26,-23.86,
2011-GTA-B13,-383.50,2.73,-24.40,
2011-GTA-B12,-462.15,2.04,-24.60,
2011-GTA-B-11,-467.35,3.54,-24.77,
2011-GTA-B-10,-492.44,2.34,-24.76,
2011-GTA-B9,-516.10,7.05,-25.43,
2011-GTA-B8,-523.64,3.84,-25.29,
2011-GTA-B7,-535.34,2.04,-24.87,
2011-GTA-B6,-540.54,6.81,-25.42,
2011-GTA-B5,-543.40,4.86,-24.04,
2011-GTA-B4,-550.16,4.35,-24.67,
2011-GTA-B2,-551.20,14.85,-25.51,
2011-GTA-B3,-551.20,22.74,-24.25,
2011-GTA-B1,-606.45,2.13,-24.98,
